image: scans2.pgm
resolution: 0.050000
origin: [-50.846123, -90.992798, 0.000000]
negate: 0
occupied_thresh: 0.65
free_thresh: 0.196

