image: scans.pgm
resolution: 0.05000
origin: [-270.538818, -174.681229, 0.000000]
negate: 0
occupied_thresh: 0.65
free_thresh: 0.196

